-15 0
-14.75 0
-14.5 0
-14.25 0
-14 0
-13.75 0
-13.5 0
-13.25 0
-13 0
-12.75 0
-12.5 0
-12.25 0
-12 0
-11.75 0
-11.5 0
-11.25 0
-11 0
-10.75 0
-10.5 0
-10.25 0
-10 0
-9.75 0
-9.5 0
-9.25 0
-9 0
-8.75 0
-8.5 0
-8.25 0
-8 0
-7.75 0
-7.5 0
-7.25 0
-7 0
-6.75 0
-6.5 0
-6.25 0
-6 0
-5.75 0
-5.5 0
-5.25 0
-5 0
-4.75 0
-4.5 0
-4.25 0
-4 0
-3.75 0
-3.5 0
-3.25 0
-3 0
-2.75 0
-2.5 0
-2.25 0
-2 0
-1.75 0
-1.5 0.0787776701710775
-1.25 0.288595722119453
-1 0.212180796785841
-0.75 2.04410685728129
-0.5 6.12137565464446
-0.25 128.218280666577
0 1586.47259501056
0.25 1839.50867591373
0.5 1111.15250091522
0.75 722.556588874142
1 496.766753911224
1.25 359.850484365461
1.5 249.196919926554
1.75 207.287357262422
2 159.524484005909
2.25 111.964760744084
2.5 102.205490170838
2.75 84.7540364043224
3 78.0420331604716
3.25 69.562227479371
3.5 60.1850064765935
3.75 63.881996878352
4 50.5557380058635
4.25 35.3221276226974
4.5 43.1212404462854
4.75 31.3538376985196
5 28.4061980690433
5.25 34.018315331096
5.5 32.559720426843
5.75 23.6091797436874
6 22.6664745187591
6.25 22.2507801432949
6.5 16.4286866440365
6.75 18.7594365355189
7 16.4218534657357
7.25 16.1303796223547
7.5 18.3758878008956
7.75 11.8184766880238
8 11.9037880710875
8.25 9.67995760610164
8.5 13.053513631931
8.75 10.1097140429043
9 10.2982972126361
9.25 6.23512776559071
9.5 10.4901858526395
9.75 7.41293407761104
10 5.69474330296545
10.25 4.12207747647021
10.5 3.03421599565466
10.75 4.84930005670719
11 4.31768474770055
11.25 3.95295812889035
11.5 1.15359244639549
11.75 4.38881098630892
12 2.91563521089991
12.25 3.95943896414471
12.5 1.41314733360454
12.75 2.75153892581875
13 2.98101860615467
13.25 1.47237230290095
13.5 3.14547915209849
13.75 1.96489894916031
14 0.86789229219653
14.25 1.94669822885996
14.5 0.867686379413657
14.75 1.15568244329769
15 1.8042714424783
15.25 0.0958407608737468
15.5 1.01367764827056
15.75 1.00504747830247
16 1.20367544486315
16.25 0
16.5 0.286568841174799
16.75 1.35170403413389
17 0.49299550012375
17.25 0.529997211707612
17.5 0.762713745088284
17.75 1.54574629788772
18 0.747530081455419
18.25 0.821760820704625
18.5 0.419122920911127
18.75 1.21767771903097
19 0
