-15 0
-14.75 0
-14.5 0
-14.25 0
-14 0
-13.75 0
-13.5 0
-13.25 0
-13 0
-12.75 0
-12.5 0
-12.25 0
-12 0
-11.75 0
-11.5 0
-11.25 0
-11 0
-10.75 0
-10.5 0
-10.25 0
-10 0
-9.75 0
-9.5 0.925422102108624
-9.25 0.00277891863301768
-9 0
-8.75 0
-8.5 0
-8.25 0
-8 0
-7.75 0
-7.5 0.984807271933225
-7.25 0.739497413922516
-7 1.05875250694401
-6.75 0
-6.5 0
-6.25 0
-6 0.979653432847
-5.75 0.429862910751458
-5.5 0.558128264715654
-5.25 1.92572646001504
-5 1.7342092676996
-4.75 1.58232867836756
-4.5 1.37153059603987
-4.25 0.989647317088442
-4 0
-3.75 1.87666993827638
-3.5 1.03112211510998
-3.25 5.32846493306132
-3 3.46980431526811
-2.75 3.69719457653822
-2.5 2.95983554406828
-2.25 5.66856848695056
-2 8.41298507578636
-1.75 13.2871571191018
-1.5 24.3698162472218
-1.25 28.0321771168113
-1 54.2597023681136
-0.75 129.832113538955
-0.5 698.009304276393
-0.25 19597.87304792
0 255462.106804559
0.25 299562.293966796
0.5 176920.482795004
0.75 113093.584241157
1 76082.1362563715
1.25 53297.6466205587
1.5 38416.3103526232
1.75 28733.0819321137
2 22392.202563348
2.25 17872.4412498668
2.5 14686.9958566494
2.75 12111.1142925839
3 10308.7506458055
3.25 8619.55244626329
3.5 7477.91071826218
3.75 6356.97518498636
4 5519.25947156492
4.25 4863.74913635144
4.5 4222.038434385
4.75 3725.24731183531
5 3156.59926499632
5.25 2745.3342118736
5.5 2445.42931792463
5.75 2089.03473224585
6 1804.24756980228
6.25 1639.17052841857
6.5 1426.60211236398
6.75 1242.04994113896
7 1109.91988008884
7.25 972.250830347307
7.5 811.210115355123
7.75 745.442323008633
8 614.850197906659
8.25 506.47083533617
8.5 483.472813608838
8.75 421.922070484767
9 340.14824712539
9.25 318.945459020618
9.5 279.408630359034
9.75 249.049281745236
10 196.706739344272
10.25 188.9283302525
10.5 144.494531948515
10.75 127.817935588025
11 106.619872335755
11.25 118.709044907931
11.5 84.971027758156
11.75 70.2380246548199
12 63.1716357726529
12.25 62.3603424173975
12.5 41.4540014862086
12.75 42.516544617839
13 41.736702135633
13.25 32.2745040909968
13.5 29.9075294623825
13.75 20.8394323527524
14 26.0328094941751
14.25 18.7330731224239
14.5 21.8086874069495
14.75 13.0502015956981
15 17.0698645498828
15.25 16.5482259407144
15.5 2.5147408674361
15.75 7.07931895385065
16 10.377156757758
16.25 6.7620604570675
16.5 3.86846287792156
16.75 7.49299937476575
17 1.93731461349376
17.25 4.79321996157023
17.5 5.21773647804163
17.75 3.04316955877971
18 1.23115686516066
18.25 3.38743248376584
18.5 0.740304748597675
18.75 0.811626063918999
19 1.04039171536143
